# This file may be used to create an environment using:
# $ conda create --name <env> --file <this file>
# platform: win-64
absl-py=0.7.0=pypi_0
astor=0.7.1=pypi_0
attrs=18.2.0=py_0
backcall=0.1.0=pypi_0
blas=1.0=mkl
bleach=1.5.0=pypi_0
ca-certificates=2018.11.29=ha4d7672_0
certifi=2018.11.29=py36_1000
colorama=0.4.1=pypi_0
cycler=0.10.0=py_1
decorator=4.3.2=py_0
freetype=2.9.1=h5db478b_1005
gast=0.2.2=pypi_0
graphviz=2.38.0=h6538335_1011
grpcio=1.18.0=pypi_0
h5py=2.9.0=pypi_0
html5lib=0.9999999=pypi_0
icc_rt=2019.0.0=h0cc432a_1
intel-openmp=2019.1=144
ipykernel=5.1.0=pypi_0
ipython=7.2.0=pypi_0
ipython-genutils=0.2.0=pypi_0
ipython_genutils=0.2.0=py_1
jedi=0.13.2=pypi_0
jpeg=9c=hfa6e2cd_1001
jsonschema=3.0.0=py36_0
jupyter-client=5.2.4=pypi_0
jupyter_core=4.4.0=py_0
jupytext=1.0.1=0
keras=2.2.4=pypi_0
keras-applications=1.0.7=pypi_0
keras-preprocessing=1.0.9=pypi_0
kiwisolver=1.0.1=py36he980bc4_1002
libiconv=1.15=hfa6e2cd_1004
libpng=1.6.36=h7602738_1000
libtiff=4.0.10=h36446d0_1001
libxml2=2.9.3=vc14_9
markdown=3.0.1=pypi_0
matplotlib=3.0.3=py36_0
matplotlib-base=3.0.3=py36h3e3dc42_0
mkl=2019.1=144
mkl_fft=1.0.10=py36hfa6e2cd_1
mkl_random=1.0.2=py36h830ac7b_2
mock=2.0.0=py36_1001
nbformat=4.4.0=py_1
numpy=1.16.1=pypi_0
numpy-base=1.15.4=py36hc3f5095_0
openssl=1.0.2q=hfa6e2cd_0
pandas=0.24.1=py36h6538335_0
parso=0.3.4=pypi_0
patsy=0.5.1=py_0
pbr=5.1.2=py_0
pickleshare=0.7.5=pypi_0
pillow=5.4.1=pypi_0
pip=19.0.2=py36_0
prompt-toolkit=2.0.8=pypi_0
protobuf=3.6.1=pypi_0
pydot=1.4.1=py36_1000
pygments=2.3.1=pypi_0
pyparsing=2.3.1=py_0
pyqt=4.11.4=py36_2
pyrsistent=0.14.11=py36hfa6e2cd_0
python=3.6.6=he025d50_0
python-dateutil=2.8.0=py_0
pytz=2018.9=py_0
pyyaml=3.13=pypi_0
pyzmq=17.1.2=pypi_0
qt=4.8.7=4
scikit-learn=0.20.2=py36h343c172_0
scipy=1.2.1=pypi_0
seaborn=0.9.0=py_0
setuptools=40.8.0=py36_0
sip=4.18=py36_1
six=1.12.0=pypi_0
statsmodels=0.9.0=py36hfa6e2cd_1000
tensorboard=1.8.0=pypi_0
termcolor=1.1.0=pypi_0
testfixtures=6.6.0=py_0
tornado=5.1.1=pypi_0
traitlets=4.3.2=pypi_0
vc=14.1=h0510ff6_4
vs2015_runtime=14.15.26706=h3a45250_0
wcwidth=0.1.7=pypi_0
werkzeug=0.14.1=pypi_0
wheel=0.33.0=py36_0
wincertstore=0.2=py36_1002
yaml=0.1.7=hfa6e2cd_1001
zlib=1.2.11=h2fa13f4_1004
